ID SeqNum Temperature Humidity Light Time
1 770 21 25 44 38573 
2 638 20 27 65 31973 
1 771 21 25 44 38623 
2 639 20 27 64 32023 
1 772 21 25 39 38673 
2 640 20 27 69 32073 
1 773 21 25 32 38724 
2 641 20 27 63 32123 
1 774 21 25 39 38773 
2 642 20 27 69 32173 
1 775 21 25 42 38823 
2 643 20 27 63 32223 
1 776 21 25 45 38873 
2 644 20 27 66 32273 
1 777 21 25 44 38923 
2 645 20 27 65 32323 
1 778 21 25 44 38973 
2 646 20 27 57 32373 
1 779 21 25 40 39023 
2 647 20 27 68 32423 
1 780 21 25 45 39073 
2 648 20 27 69 32473 
1 781 21 25 44 39123 
2 649 20 27 63 32523 
1 782 21 25 46 39173 
2 650 20 27 63 32573 
1 783 21 25 56 39223 
2 651 20 27 64 32623 
1 784 21 25 35 39273 
2 652 20 27 62 32673 
1 785 21 25 46 39323 
2 653 20 27 54 32723 
1 786 21 25 32 39373 
2 654 20 27 65 32773 
1 787 21 25 42 39423 
2 655 20 27 63 32823 
1 788 21 25 44 39473 
2 656 20 27 70 32873 
1 789 21 25 46 39523 
2 657 20 27 66 32923 
1 790 21 25 40 39573 
2 658 20 27 63 32973 
1 791 21 25 44 39623 
2 659 20 27 60 33023 
1 792 21 25 45 39673 
2 660 20 27 58 33073 
1 793 21 25 42 39723 
2 661 20 27 65 33123 
1 794 21 25 47 39773 
2 662 20 27 68 33173 
1 795 21 25 44 39823 
2 663 20 27 67 33223 
1 796 21 25 53 39873 
2 664 20 27 62 33273 
1 797 21 25 28 39923 
2 665 20 27 69 33323 
1 798 21 25 45 39973 
2 666 20 27 72 33373 
1 799 21 25 33 40023 
2 667 20 27 64 33423 
1 800 21 25 37 40073 
2 668 20 27 66 33473 
1 801 21 25 47 40123 
2 669 20 27 60 33523 
1 802 21 25 42 40173 
2 670 20 27 68 33573 
1 803 21 25 46 40223 
2 671 20 27 66 33623 
1 804 21 25 43 40273 
2 672 20 27 38 33673 
1 805 21 25 43 40323 
2 673 20 27 62 33723 
1 806 21 25 51 40373 
2 674 20 27 65 33773 
1 807 21 25 46 40423 
2 675 20 27 64 33823 
1 808 21 25 45 40473 
2 676 20 27 67 33873 
1 809 21 25 49 40523 
2 677 20 27 64 33923 
1 810 21 25 45 40573 
2 678 20 27 63 33973 
1 811 21 25 44 40623 
2 679 20 27 68 34023 
1 812 21 25 43 40673 
2 680 20 27 62 34073 
1 813 21 25 44 40723 
2 681 20 27 76 34123 
1 814 21 25 46 40773 
2 682 20 27 59 34173 
1 815 21 25 45 40823 
2 683 20 27 64 34223 
1 816 21 25 44 40873 
2 684 20 27 65 34273 
1 817 21 25 44 40923 
2 685 20 27 62 34323 
1 818 21 25 43 40973 
2 686 20 27 53 34373 
1 819 21 25 37 41023 
2 687 20 27 53 34423 
1 820 21 25 40 41073 
2 688 20 27 71 34473 
1 821 21 25 44 41123 
2 689 20 27 60 34523 
1 822 21 25 44 41173 
2 690 20 27 67 34573 
1 823 21 25 56 41223 
2 691 20 27 64 34623 
1 824 21 25 47 41273 
2 692 20 27 65 34673 
1 825 21 25 49 41323 
2 693 20 27 63 34723 
1 826 21 25 46 41373 
2 694 20 27 65 34773 
1 827 21 25 42 41423 
2 695 20 27 55 34823 
1 828 21 25 42 41473 
2 696 20 27 65 34873 
1 829 21 25 44 41523 
2 697 20 27 67 34923 
1 830 21 25 44 41573 
2 698 20 27 57 34973 
1 831 21 25 46 41623 
2 699 20 27 64 35023 
1 832 21 25 43 41673 
2 700 20 27 64 35073 
1 833 21 25 46 41723 
2 701 20 27 66 35123 
1 834 21 25 41 41773 
2 702 20 27 66 35173 
1 835 21 25 46 41823 
2 703 20 27 67 35223 
1 836 21 25 43 41873 
2 704 20 27 58 35273 
1 837 21 25 49 41923 
2 705 20 27 62 35323 
1 838 21 25 42 41973 
2 706 20 27 70 35373 
1 839 21 25 39 42023 
2 707 20 27 62 35423 
1 840 21 25 38 42073 
2 708 20 27 70 35473 
1 841 21 25 44 42123 
2 709 20 27 64 35523 
1 842 21 25 47 42173 
2 710 20 27 63 35573 
1 843 21 25 43 42223 
2 711 20 27 54 35623 
1 844 21 25 44 42273 
2 712 20 27 66 35673 
1 845 21 25 43 42323 
2 713 20 27 63 35723 
1 846 21 25 43 42373 
2 714 20 27 69 35773 
1 847 21 25 49 42423 
2 715 20 27 87 35823 
1 848 21 25 46 42473 
2 716 20 27 67 35873 
1 849 21 25 38 42523 
2 717 20 27 64 35923 
1 850 21 25 49 42573 
2 718 20 27 64 35973 
1 851 21 25 45 42623 
2 719 20 27 62 36023 
1 852 21 25 42 42673 
2 720 20 27 54 36073 
1 853 21 25 43 42723 
2 721 20 27 65 36123 
1 854 21 25 43 42773 
2 722 20 27 67 36173 
1 855 21 25 44 42823 
2 723 20 27 63 36223 
1 856 21 25 47 42873 
2 724 20 27 65 36273 
1 857 21 25 46 42923 
2 725 20 27 63 36323 
1 858 21 25 47 42973 
2 726 20 27 67 36373 
1 859 21 25 37 43023 
2 727 20 27 63 36423 
1 860 21 25 45 43073 
2 728 20 27 53 36473 
1 861 21 25 44 43123 
2 729 20 27 70 36523 
1 862 21 25 45 43173 
2 730 20 27 53 36573 
1 863 21 25 45 43223 
2 731 20 27 69 36623 
1 864 21 25 51 43274 
2 732 20 27 59 36673 
1 865 21 25 56 43323 
2 733 20 27 69 36723 
1 866 21 25 43 43373 
2 734 20 27 63 36773 
1 867 21 25 46 43423 
2 735 20 27 62 36823 
1 868 21 25 40 43473 
2 736 20 27 69 36873 
1 869 21 25 44 43523 
2 737 20 27 72 36923 
1 870 21 25 55 43573 
2 738 20 27 71 36973 
1 871 21 25 45 43623 
2 739 20 27 58 37023 
1 872 21 25 45 43673 
2 740 20 27 66 37073 
1 873 21 25 45 43723 
2 741 20 27 55 37123 
1 874 21 25 57 43773 
2 742 20 27 66 37173 
1 875 21 25 53 43823 
2 743 20 27 71 37223 
1 876 21 25 43 43873 
2 744 20 27 66 37273 
1 877 21 25 49 43923 
2 745 20 27 68 37323 
1 878 21 25 42 43973 
2 746 20 27 68 37373 
1 879 21 25 43 44023 
2 747 20 27 67 37423 
1 880 21 25 42 44073 
2 748 20 27 63 37473 
1 881 21 25 38 44123 
2 749 20 27 65 37523 
1 882 21 25 42 44173 
2 750 20 27 70 37573 
1 883 21 25 49 44223 
2 751 20 27 64 37623 
1 884 21 25 43 44273 
2 752 20 27 63 37673 
1 885 21 25 46 44323 
2 753 20 27 67 37723 
1 886 21 25 43 44373 
2 754 20 27 69 37773 
1 887 21 25 43 44423 
2 755 20 27 63 37823 
1 888 21 25 43 44473 
2 756 20 27 66 37873 
1 889 21 25 43 44523 
2 757 20 27 65 37923 
1 890 21 25 44 44573 
2 758 20 27 64 37973 
1 891 21 25 35 44623 
2 759 20 27 72 38023 
1 892 21 25 44 44673 
2 760 20 27 64 38073 
1 893 21 25 43 44723 
2 761 20 27 54 38123 
1 894 21 25 40 44773 
2 762 20 27 63 38173 
1 895 21 25 42 44823 
2 763 20 27 74 38223 
1 896 21 25 46 44873 
2 764 20 27 58 38273 
1 897 21 25 45 44923 
2 765 20 27 68 38323 
1 898 21 25 39 44973 
2 766 20 27 62 38373 
1 899 21 25 54 45023 
2 767 20 27 63 38423 
1 900 21 25 40 45073 
2 768 20 27 66 38473 
1 901 21 25 53 45123 
2 769 20 27 67 38523 
1 902 21 25 45 45173 
2 770 20 27 55 38573 
1 903 21 25 45 45223 
2 771 20 27 65 38623 
1 904 21 25 43 45273 
2 772 20 27 67 38673 
1 905 21 25 45 45323 
2 773 20 27 60 38723 
1 906 21 25 36 45373 
2 774 20 27 74 38773 
1 907 21 25 38 45423 
2 775 20 27 54 38823 
1 908 21 25 46 45473 
2 776 20 27 63 38873 
1 909 21 25 42 45523 
2 777 20 26 65 38923 
1 910 21 25 53 45573 
2 778 20 26 67 38973 
1 911 21 25 43 45623 
2 779 20 26 68 39023 
1 912 21 25 45 45673 
2 780 20 26 70 39073 
1 913 21 25 43 45723 
2 781 20 26 71 39123 
1 914 21 25 45 45773 
2 782 20 26 62 39173 
1 915 21 25 32 45823 
2 783 20 27 64 39223 
1 916 21 25 42 45873 
2 784 20 27 62 39273 
1 917 21 25 42 45923 
2 785 20 27 64 39323 
1 918 21 25 49 45973 
2 786 20 27 66 39373 
1 919 21 25 40 46023 
2 787 20 27 57 39423 
1 920 21 25 45 46073 
2 788 20 27 67 39473 
1 921 21 25 54 46123 
2 789 20 27 62 39523 
1 922 21 25 45 46173 
2 790 20 26 66 39573 
1 923 21 25 45 46223 
2 791 20 26 64 39623 
1 924 21 25 47 46273 
2 792 20 26 56 39673 
1 925 21 25 54 46323 
2 793 20 26 64 39723 
1 926 21 25 46 46373 
2 794 20 26 68 39774 
1 927 21 25 45 46423 
2 795 20 26 57 39823 
1 928 21 25 44 46473 
2 796 20 27 62 39873 
1 929 21 25 54 46523 
2 797 20 27 77 39923 
1 930 21 25 44 46573 
2 798 20 27 68 39973 
1 931 21 25 36 46623 
2 799 20 27 64 40023 
1 932 21 25 45 46673 
2 800 20 27 67 40073 
1 933 21 25 45 46723 
2 801 20 27 63 40123 
1 934 21 25 42 46773 
2 802 20 27 63 40173 
1 935 21 25 46 46823 
2 803 20 27 54 40223 
1 936 21 25 43 46873 
2 804 20 27 50 40273 
1 937 21 25 47 46923 
2 805 20 27 57 40323 
1 938 21 25 44 46973 
2 806 20 27 70 40373 
1 939 21 25 44 47023 
2 807 20 27 63 40423 
1 940 21 25 38 47073 
2 808 20 27 67 40473 
1 941 21 25 49 47123 
2 809 20 27 64 40523 
1 942 21 25 48 47173 
2 810 20 27 66 40573 
1 943 21 25 30 47223 
2 811 20 27 64 40623 
1 944 21 25 44 47273 
2 812 20 27 66 40673 
1 945 21 25 43 47323 
2 813 20 27 68 40723 
1 946 21 25 44 47373 
2 814 20 27 63 40773 
1 947 21 25 38 47423 
2 815 20 27 72 40823 
1 948 21 25 48 47473 
2 816 20 27 52 40873 
1 949 21 25 45 47523 
2 817 20 27 64 40923 
1 950 21 25 43 47573 
2 818 20 27 64 40973 
1 951 21 25 48 47623 
2 819 20 27 69 41023 
1 952 21 25 44 47673 
2 820 20 27 68 41073 
1 953 21 25 43 47723 
2 821 20 26 53 41123 
1 954 21 25 34 47773 
2 822 20 26 68 41173 
1 955 21 25 45 47823 
2 823 20 26 63 41223 
1 956 21 25 42 47873 
2 824 20 26 64 41273 
1 957 21 25 46 47923 
2 825 20 26 63 41323 
1 958 21 25 39 47973 
2 826 20 26 60 41373 
1 959 21 25 43 48023 
2 827 20 26 63 41423 
1 960 21 25 46 48073 
2 828 20 26 68 41473 
1 961 21 25 46 48123 
2 829 20 26 69 41523 
1 962 21 25 46 48173 
2 830 20 26 67 41573 
1 963 21 25 44 48223 
2 831 20 26 68 41623 
1 964 21 25 44 48273 
2 832 20 26 62 41673 
1 965 21 25 46 48323 
2 833 20 26 63 41723 
1 966 21 25 50 48373 
2 834 20 26 63 41773 
1 967 21 25 38 48423 
2 835 20 26 68 41823 
1 968 21 25 39 48473 
2 836 20 26 51 41873 
1 969 21 25 44 48523 
2 837 20 26 73 41923 
1 970 21 25 44 48573 
2 838 20 26 78 41973 
1 971 21 25 43 48623 
2 839 20 26 57 42023 
1 972 21 25 41 48673 
2 840 20 26 69 42073 
1 973 21 25 48 48723 
2 841 20 26 61 42123 
1 974 21 25 51 48773 
2 842 20 26 63 42173 
1 975 21 25 45 48823 
2 843 20 26 63 42223 
1 976 21 25 46 48873 
2 844 20 26 69 42273 
1 977 21 25 46 48923 
2 845 20 26 63 42323 
1 978 21 25 42 48973 
2 846 20 26 67 42373 
1 979 21 25 43 49023 
2 847 20 26 70 42423 
1 980 21 25 46 49073 
2 848 20 26 59 42473 
1 981 21 25 48 49123 
2 849 20 26 65 42523 
1 982 21 25 46 49173 
2 850 20 26 67 42573 
1 983 21 25 45 49223 
2 851 20 26 64 42623 
1 984 21 25 41 49273 
2 852 20 26 69 42673 
1 985 21 25 47 49323 
2 853 20 26 64 42723 
1 986 21 25 44 49373 
2 854 20 26 77 42773 
1 987 21 25 45 49423 
2 855 20 26 59 42823 
1 988 21 25 45 49473 
2 856 20 26 79 42873 
1 989 21 25 45 49523 
2 857 20 26 58 42923 
1 990 21 25 36 49573 
2 858 20 26 70 42973 
1 991 21 25 41 49623 
2 859 20 26 66 43023 
1 992 21 25 45 49673 
2 860 20 27 66 43073 
1 993 21 25 44 49723 
2 861 20 27 53 43123 
1 994 21 25 45 49773 
2 862 20 27 70 43173 
1 995 21 25 40 49823 
2 863 20 27 66 43223 
1 996 21 25 44 49873 
2 864 20 27 65 43274 
1 997 21 25 52 49923 
2 865 20 27 69 43323 
1 998 21 25 47 49973 
2 866 20 26 67 43373 
1 999 21 25 46 50023 
2 867 20 26 64 43423 
1 1000 21 25 38 50073 
2 868 20 26 51 43473 
1 1001 21 25 47 50123 
2 869 20 26 68 43523 
1 1002 21 25 43 50173 
2 870 20 26 68 43573 
1 1003 21 25 43 50223 
2 871 20 26 66 43623 
1 1004 21 25 44 50273 
2 872 20 26 55 43673 
1 1005 21 25 42 50323 
2 873 20 26 56 43723 
1 1006 21 25 53 50373 
2 874 20 26 64 43773 
1 1007 21 25 44 50423 
2 875 20 26 62 43823 
1 1008 21 25 44 50473 
2 876 20 26 66 43873 
1 1009 21 25 44 50523 
2 877 20 26 70 43923 
1 1010 21 25 50 50573 
2 878 20 26 66 43973 
1 1011 21 25 49 50623 
2 879 20 26 55 44023 
1 1012 21 25 40 50673 
2 880 20 26 72 44073 
1 1013 21 25 40 50723 
2 881 20 26 67 44123 
1 1014 21 25 36 50773 
2 882 20 26 62 44173 
1 1015 21 25 47 50823 
2 883 20 26 63 44223 
1 1016 21 25 42 50873 
2 884 20 26 66 44273 
1 1017 21 25 44 50923 
2 885 20 26 63 44323 
1 1018 21 25 37 50973 
2 886 20 26 64 44373 
1 1019 21 25 45 51023 
2 887 20 26 65 44423 
1 1020 21 25 43 51073 
2 888 20 26 64 44473 
1 1021 21 25 43 51123 
2 889 20 26 62 44523 
1 1022 21 25 47 51173 
2 890 20 26 69 44573 
1 1023 21 25 47 51223 
2 891 20 26 65 44623 
1 1024 21 25 52 51273 
2 892 20 26 61 44673 
1 1025 21 25 39 51323 
2 893 20 26 63 44723 
1 1026 21 25 42 51373 
2 894 20 26 67 44773 
1 1027 21 25 37 51423 
2 895 20 26 58 44823 
1 1028 21 25 40 51473 
2 896 20 26 63 44873 
1 1029 21 25 50 51523 
2 897 20 26 69 44923 
1 1030 21 25 44 51573 
2 898 20 26 63 44973 
1 1031 21 25 38 51623 
2 899 20 26 64 45023 
1 1032 21 25 44 51673 
2 900 20 26 63 45073 
1 1033 21 25 32 51723 
2 901 20 26 63 45123 
1 1034 21 25 42 51773 
2 902 20 26 66 45173 
1 1035 21 25 42 51823 
2 903 20 26 55 45223 
1 1036 21 25 44 51873 
2 904 20 26 69 45273 
1 1037 21 25 43 51923 
2 905 20 26 60 45323 
1 1038 21 25 54 51973 
2 906 20 26 55 45373 
1 1039 21 25 40 52023 
2 907 20 26 63 45423 
1 1040 21 25 41 52073 
2 908 20 26 62 45473 
1 1041 21 25 47 52123 
2 909 20 26 63 45523 
1 1042 21 25 45 52173 
2 910 20 26 66 45573 
1 1043 21 25 40 52223 
2 911 20 26 57 45623 
1 1044 21 25 50 52273 
2 912 20 26 64 45673 
1 1045 21 25 44 52323 
2 913 20 26 67 45723 
1 1046 21 25 45 52373 
2 914 20 26 61 45773 
1 1047 21 25 50 52423 
2 915 20 26 70 45823 
1 1048 21 25 60 52473 
2 916 20 26 64 45873 
1 1049 21 25 46 52523 
2 917 20 26 68 45923 
1 1050 21 25 43 52573 
2 918 20 26 65 45973 
1 1051 21 25 53 52623 
2 919 20 26 75 46023 
1 1052 21 25 44 52673 
2 920 20 26 51 46073 
1 1053 21 25 45 52723 
2 921 20 26 63 46124 
1 1054 21 25 41 52773 
2 922 20 26 69 46173 
1 1055 21 25 42 52823 
2 923 20 26 63 46223 
1 1056 21 25 48 52873 
2 924 20 26 67 46273 
1 1057 21 25 39 52923 
2 925 20 26 65 46323 
1 1058 21 25 46 52973 
2 926 20 26 62 46373 
1 1059 21 25 38 53023 
2 927 20 26 68 46423 
1 1060 21 25 56 53073 
2 928 20 26 66 46473 
1 1061 21 25 43 53123 
2 929 20 26 76 46523 
1 1062 21 25 45 53173 
2 930 20 26 57 46573 
1 1063 21 25 44 53223 
2 931 20 26 68 46623 
1 1064 21 25 37 53273 
2 932 20 26 62 46673 
1 1065 21 25 43 53323 
2 933 20 26 64 46723 
1 1066 21 25 42 53373 
2 934 20 26 64 46773 
1 1067 21 25 47 53423 
2 935 20 26 61 46823 
1 1068 21 25 51 53473 
2 936 20 26 66 46873 
1 1069 21 25 41 53523 
2 937 20 26 66 46923 
1 1070 21 25 44 53573 
2 938 20 26 64 46973 
1 1071 21 25 29 53623 
2 939 20 26 58 47023 
1 1072 21 25 45 53673 
2 940 20 26 69 47073 
1 1073 21 25 46 53723 
2 941 20 26 63 47123 
1 1074 21 25 50 53773 
2 942 20 26 67 47173 
1 1075 21 25 43 53823 
2 943 20 26 64 47223 
1 1076 21 25 42 53873 
2 944 20 26 69 47273 
1 1077 21 25 45 53923 
2 945 20 26 69 47323 
1 1078 21 25 44 53973 
2 946 20 26 67 47373 
1 1079 21 25 42 54023 
2 947 20 26 70 47423 
1 1080 21 25 41 54073 
2 948 20 26 62 47473 
1 1081 21 25 38 54123 
2 949 20 26 64 47523 
1 1082 21 25 47 54173 
2 950 20 26 69 47573 
1 1083 21 25 46 54223 
2 951 20 26 63 47623 
1 1084 21 25 44 54273 
2 952 20 26 63 47673 
1 1085 21 25 47 54323 
2 953 20 26 68 47723 
1 1086 21 25 43 54374 
2 954 20 26 67 47773 
1 1087 21 25 48 54423 
2 955 20 26 66 47823 
1 1088 21 25 43 54473 
2 956 20 26 69 47873 
1 1089 21 25 43 54523 
2 957 20 26 68 47923 
1 1090 21 25 53 54573 
2 958 20 26 67 47973 
1 1091 21 25 43 54623 
2 959 20 26 65 48023 
1 1092 21 25 46 54673 
2 960 20 26 67 48073 
1 1093 21 25 38 54723 
2 961 20 26 54 48123 
1 1094 21 25 48 54773 
2 962 20 26 66 48173 
1 1095 21 25 44 54823 
2 963 20 26 66 48223 
1 1096 21 25 48 54873 
2 964 20 26 61 48273 
1 1097 21 25 46 54923 
2 965 20 26 69 48323 
1 1098 21 25 45 54973 
2 966 20 26 62 48373 
1 1099 21 25 43 55023 
2 967 20 26 66 48423 
1 1100 21 25 44 55073 
2 968 20 26 52 48473 
1 1101 21 25 47 55123 
2 969 20 26 70 48523 
1 1102 21 25 42 55173 
2 970 20 26 68 48573 
1 1103 21 25 43 55223 
2 971 20 26 63 48623 
1 1104 21 25 44 55273 
2 972 20 26 68 48673 
1 1105 21 25 56 55323 
2 973 20 26 57 48723 
1 1106 21 25 47 55373 
2 974 20 26 64 48773 
1 1107 21 25 44 55423 
2 975 20 26 64 48823 
1 1108 21 25 47 55473 
2 976 20 26 66 48873 
1 1109 21 25 42 55523 
2 977 20 26 63 48923 
1 1110 21 25 49 55573 
2 978 20 26 71 48973 
1 1111 21 25 45 55623 
2 979 20 26 73 49023 
1 1112 21 25 43 55673 
2 980 20 26 63 49073 
1 1113 21 25 45 55723 
2 981 20 26 67 49123 
1 1114 21 25 46 55773 
2 982 20 26 70 49173 
1 1115 21 25 45 55823 
2 983 20 26 73 49223 
1 1116 21 25 42 55873 
2 984 20 26 62 49273 
1 1117 21 25 46 55923 
2 985 20 26 63 49323 
1 1118 21 25 41 55973 
2 986 20 26 66 49373 
1 1119 21 25 51 56023 
2 987 20 26 56 49423 
1 1120 21 25 43 56073 
2 988 20 26 68 49473 
1 1121 21 25 43 56123 
2 989 20 26 58 49523 
1 1122 21 25 45 56173 
2 990 20 26 65 49573 
1 1123 21 25 46 56223 
2 991 20 26 63 49623 
1 1124 21 25 42 56273 
2 992 20 26 61 49673 
1 1125 21 25 43 56323 
2 993 20 26 64 49723 
1 1126 21 25 50 56373 
2 994 20 26 67 49773 
1 1127 21 25 45 56423 
2 995 20 26 68 49823 
1 1128 21 25 45 56473 
2 996 20 26 67 49873 
1 1129 21 25 44 56523 
2 997 20 26 65 49923 
1 1130 21 25 45 56573 
2 998 20 26 59 49973 
1 1131 21 25 39 56623 
2 999 20 26 67 50023 
1 1132 21 25 45 56673 
2 1000 20 26 63 50073 
1 1133 21 25 44 56723 
2 1001 20 26 63 50123 
1 1134 21 25 44 56773 
2 1002 20 26 60 50173 
1 1135 21 25 43 56823 
2 1003 20 26 54 50223 
1 1136 21 25 55 56873 
2 1004 20 26 67 50273 
1 1137 21 25 49 56923 
2 1005 20 27 62 50323 
1 1138 21 25 49 56973 
2 1006 20 27 69 50373 
1 1139 21 25 54 57023 
2 1007 20 27 59 50423 
1 1140 21 25 38 57073 
2 1008 20 27 67 50473 
1 1141 21 25 55 57123 
2 1009 20 27 67 50523 
1 1142 21 25 49 57173 
2 1010 20 27 66 50573 
1 1143 21 25 43 57223 
2 1011 20 27 67 50623 
1 1144 21 25 42 57273 
2 1012 20 26 67 50673 
1 1145 21 25 47 57323 
2 1013 20 26 64 50723 
1 1146 21 25 43 57373 
2 1014 20 26 62 50773 
1 1147 21 25 43 57423 
2 1015 20 26 67 50823 
1 1148 21 25 37 57473 
2 1016 20 26 62 50873 
1 1149 21 25 43 57523 
2 1017 20 26 62 50923 
1 1150 21 25 43 57573 
2 1018 20 26 65 50973 
1 1151 21 25 47 57623 
2 1019 20 26 57 51023 
1 1152 21 25 48 57673 
2 1020 20 26 61 51073 
1 1153 21 25 46 57723 
2 1021 20 26 63 51123 
1 1154 21 25 42 57773 
2 1022 20 26 65 51173 
1 1155 21 25 46 57823 
2 1023 20 26 64 51223 
1 1156 21 25 47 57873 
2 1024 20 26 67 51273 
1 1157 21 25 29 57923 
2 1025 20 26 60 51323 
1 1158 21 25 56 57973 
2 1026 20 26 64 51373 
1 1159 21 25 43 58023 
2 1027 20 26 51 51423 
1 1160 21 25 42 58074 
2 1028 20 26 68 51473 
1 1161 21 25 40 58123 
2 1029 20 26 69 51523 
1 1162 21 25 45 58173 
2 1030 20 26 62 51573 
1 1163 21 25 30 58223 
2 1031 20 26 69 51623 
1 1164 21 25 45 58273 
2 1032 20 26 61 51673 
1 1165 21 25 44 58323 
2 1033 20 26 68 51723 
1 1166 21 25 42 58373 
2 1034 20 26 64 51773 
1 1167 21 25 45 58423 
2 1035 20 26 77 51823 
1 1168 21 25 43 58473 
2 1036 20 26 68 51873 
1 1169 21 25 43 58523 
2 1037 20 26 67 51923 
1 1170 21 25 44 58573 
2 1038 20 26 65 51973 
1 1171 21 25 42 58623 
2 1039 20 26 62 52023 
1 1172 21 25 46 58673 
2 1040 20 26 67 52073 
1 1173 21 25 39 58723 
2 1041 20 26 64 52123 
1 1174 21 25 43 58773 
2 1042 20 26 64 52173 
1 1175 21 25 44 58823 
2 1043 20 26 63 52223 
1 1176 21 25 42 58873 
2 1044 20 26 65 52273 
1 1177 21 25 29 58923 
2 1045 20 26 54 52323 
1 1178 21 25 44 58973 
2 1046 20 26 60 52373 
1 1179 21 25 43 59023 
2 1047 20 26 69 52423 
1 1180 21 25 49 59073 
2 1048 20 26 53 52473 
1 1181 21 25 25 59123 
2 1049 20 26 61 52523 
1 1182 21 25 48 59173 
2 1050 20 26 56 52573 
1 1183 21 25 50 59223 
2 1051 20 26 64 52623 
1 1184 21 25 38 59273 
2 1052 20 26 64 52673 
1 1185 21 25 52 59323 
2 1053 20 26 70 52723 
1 1186 21 25 39 59373 
2 1054 20 26 66 52773 
1 1187 21 25 52 59423 
2 1055 20 26 60 52823 
1 1188 21 25 44 59473 
2 1056 20 26 51 52873 
1 1189 21 25 33 59523 
2 1057 20 26 63 52923 
1 1190 21 25 47 59573 
2 1058 20 26 68 52973 
1 1191 21 25 45 59623 
2 1059 20 26 51 53023 
1 1192 21 25 44 59673 
2 1060 20 26 63 53073 
1 1193 21 25 32 59723 
2 1061 20 26 65 53123 
1 1194 21 25 47 59773 
2 1062 20 26 65 53173 
1 1195 21 25 43 59823 
2 1063 20 26 65 53223 
1 1196 21 25 49 59873 
2 1064 20 26 63 53273 
1 1197 21 25 34 59923 
2 1065 20 26 74 53323 
1 1198 21 25 28 59973 
2 1066 20 26 64 53373 
1 1199 21 25 46 60023 
2 1067 20 26 64 53423 
1 1200 21 25 43 60073 
2 1068 20 26 75 53473 
1 1201 21 25 54 60123 
2 1069 20 26 63 53523 
1 1202 21 25 46 60173 
2 1070 20 26 56 53573 
1 1203 21 25 49 60223 
2 1071 20 26 67 53623 
1 1204 21 25 45 60273 
2 1072 20 26 70 53673 
1 1205 21 25 50 60323 
2 1073 20 26 56 53723 
1 1206 21 25 44 60373 
2 1074 20 26 66 53773 
1 1207 21 25 51 60423 
2 1075 20 26 60 53823 
1 1208 21 25 46 60473 
2 1076 20 26 64 53873 
1 1209 21 25 42 60523 
2 1077 20 26 58 53923 
1 1210 21 25 50 60573 
2 1078 20 26 55 53973 
1 1211 21 25 36 60623 
2 1079 20 26 67 54023 
1 1212 21 25 44 60673 
2 1080 20 26 54 54073 
1 1213 21 25 44 60723 
2 1081 20 26 68 54124 
1 1214 21 25 47 60773 
2 1082 20 26 58 54173 
1 1215 21 25 53 60823 
2 1083 20 26 67 54223 
1 1216 21 25 43 60873 
2 1084 20 26 63 54273 
1 1217 21 25 42 60923 
2 1085 20 26 64 54323 
1 1218 21 25 39 60973 
2 1086 20 26 62 54373 
1 1219 21 25 46 61023 
2 1087 20 26 75 54423 
1 1220 21 25 45 61073 
2 1088 20 26 69 54473 
1 1221 21 25 32 61123 
2 1089 20 26 63 54523 
1 1222 21 25 37 61173 
2 1090 20 26 56 54573 
1 1223 21 25 47 61223 
2 1091 20 26 64 54623 
1 1224 21 25 46 61273 
2 1092 20 26 68 54673 
1 1225 21 25 44 61323 
2 1093 20 26 65 54723 
1 1226 21 25 46 61373 
2 1094 20 26 57 54773 
1 1227 21 25 39 61423 
2 1095 20 26 59 54823 
1 1228 21 25 44 61473 
2 1096 20 26 64 54873 
1 1229 21 25 47 61523 
2 1097 20 26 66 54923 
1 1230 21 25 46 61573 
2 1098 20 26 60 54973 
1 1231 21 25 50 61623 
2 1099 20 26 73 55023 
1 1232 21 25 45 61673 
2 1100 20 26 64 55074 
1 1233 21 25 46 61723 
2 1101 20 26 65 55123 
1 1234 21 25 49 61773 
2 1102 20 26 66 55173 
1 1235 21 25 44 61823 
2 1103 20 26 53 55223 
1 1236 21 25 44 61873 
2 1104 20 26 69 55273 
1 1237 21 25 44 61923 
2 1105 20 26 59 55323 
1 1238 21 25 43 61973 
2 1106 20 26 69 55373 
1 1239 21 25 35 62023 
2 1107 20 26 58 55423 
1 1240 21 25 46 62073 
2 1108 20 26 64 55473 
1 1241 21 25 36 62123 
2 1109 20 26 63 55523 
1 1242 21 25 44 62173 
2 1110 20 26 51 55573 
1 1243 21 25 44 62223 
2 1111 20 26 65 55623 
1 1244 21 25 44 62273 
2 1112 20 26 67 55673 
1 1245 21 25 42 62323 
2 1113 20 26 64 55723 
1 1246 21 25 45 62373 
2 1114 20 26 59 55773 
1 1247 21 25 54 62423 
2 1115 20 26 66 55823 
1 1248 21 25 44 62473 
2 1116 20 26 63 55873 
1 1249 21 25 46 62523 
2 1117 20 26 63 55923 
1 1250 21 25 48 62573 
2 1118 20 26 63 55973 
1 1251 21 25 49 62623 
2 1119 20 26 53 56024 
1 1252 21 25 50 62673 
2 1120 20 26 64 56073 
1 1253 21 25 40 62723 
2 1121 20 26 61 56123 
1 1254 21 25 45 62773 
2 1122 20 26 75 56173 
1 1255 21 25 50 62823 
2 1123 20 26 60 56223 
1 1256 21 25 47 62873 
2 1124 20 26 68 56273 
1 1257 21 25 42 62923 
2 1125 20 26 63 56323 
1 1258 21 25 45 62973 
2 1126 20 26 64 56373 
1 1259 21 25 45 63023 
2 1127 20 26 64 56423 
1 1260 21 25 45 63073 
2 1128 20 26 68 56473 
1 1261 21 25 43 63123 
2 1129 20 26 64 56523 
1 1262 21 25 44 63173 
2 1130 20 26 59 56573 
1 1263 21 25 43 63223 
2 1131 20 26 65 56623 
1 1264 21 25 37 63273 
2 1132 20 26 63 56673 
1 1265 21 25 47 63323 
2 1133 20 26 62 56723 
1 1266 21 25 44 63373 
2 1134 20 26 71 56773 
1 1267 21 25 46 63423 
2 1135 20 26 64 56823 
1 1268 21 25 50 63473 
2 1136 20 26 67 56873 
1 1269 21 25 48 63523 
2 1137 20 26 68 56923 
1 1270 21 25 44 63573 
2 1138 20 26 68 56973 
1 1271 21 25 52 63623 
2 1139 20 26 70 57023 
1 1272 21 25 44 63673 
2 1140 20 26 68 57073 
1 1273 21 25 42 63723 
2 1141 20 26 62 57123 
1 1274 21 25 46 63773 
2 1142 20 26 61 57173 
1 1275 21 25 44 63823 
2 1143 20 26 65 57223 
1 1276 21 25 45 63873 
2 1144 20 26 67 57273 
1 1277 21 25 45 63923 
2 1145 20 26 67 57323 
1 1278 21 25 44 63973 
2 1146 20 26 67 57373 
1 1279 21 25 43 64023 
2 1147 20 26 71 57423 
1 1280 21 25 45 64073 
2 1148 20 26 63 57473 
1 1281 21 25 43 64123 
2 1149 20 26 67 57523 
1 1282 21 25 45 64173 
2 1150 20 26 63 57573 
1 1283 21 25 35 64223 
2 1151 20 26 64 57623 
1 1284 21 25 46 64273 
2 1152 20 26 71 57673 
1 1285 21 25 50 64323 
2 1153 20 26 66 57723 
1 1286 21 25 32 64373 
2 1154 20 26 68 57773 
1 1287 21 25 43 64423 
2 1155 20 26 58 57823 
1 1288 21 25 32 64473 
2 1156 20 26 69 57873 
1 1289 21 25 40 64523 
2 1157 20 26 67 57923 
1 1290 21 25 49 64573 
2 1158 20 26 65 57973 
1 1291 21 25 38 64623 
2 1159 20 26 63 58023 
1 1292 21 25 44 64673 
2 1160 20 26 67 58073 
1 1293 21 25 43 64723 
2 1161 20 26 70 58123 
1 1294 21 25 43 64773 
2 1162 20 26 67 58173 
1 1295 21 25 43 64823 
2 1163 20 26 65 58223 
1 1296 21 25 46 64873 
2 1164 20 26 65 58273 
1 1297 21 25 46 64923 
2 1165 20 26 73 58323 
1 1298 21 25 49 64973 
2 1166 20 26 63 58373 
1 1299 21 25 45 65023 
2 1167 20 26 67 58423 
1 1300 21 25 41 65073 
2 1168 20 26 60 58473 
1 1301 21 25 48 65123 
2 1169 20 26 61 58523 
1 1302 21 25 43 65173 
2 1170 20 26 61 58573 
1 1303 21 25 44 65223 
2 1171 20 26 62 58623 
1 1304 21 25 51 65273 
2 1172 20 26 68 58673 
1 1305 21 25 47 65323 
2 1173 20 26 62 58723 
1 1306 21 25 49 65373 
2 1174 20 26 70 58773 
1 1307 21 25 43 65423 
2 1175 20 26 66 58823 
1 1308 21 25 46 65473 
2 1176 20 26 49 58873 
1 1309 21 25 39 65523 
2 1177 20 26 63 58923 
1 1310 21 25 53 65573 
2 1178 20 26 67 58973 
1 1311 21 25 44 65623 
2 1179 20 26 69 59023 
1 1312 21 25 45 65673 
2 1180 20 26 62 59073 
1 1313 21 25 46 65723 
2 1181 20 26 66 59123 
1 1314 21 25 42 65773 
2 1182 20 26 63 59173 
1 1315 21 25 42 65823 
2 1183 20 26 66 59223 
1 1316 21 25 42 65873 
2 1184 20 26 65 59273 
1 1317 21 25 42 65923 
2 1185 20 26 65 59323 
1 1318 21 25 43 65973 
2 1186 20 26 68 59373 
1 1319 21 25 43 66023 
2 1187 20 26 66 59423 
1 1320 21 25 43 66073 
2 1188 20 26 57 59473 
1 1321 21 25 43 66123 
